380
380
376
712
715
770
396
385
715
771
748
397
372
707
757
748
397
407
715
735
763
733
772
759
784
757
781
700
762
758
774
756
713
754
699
781
792
748
762
729
719
770
737
729
736
780
719
845
703
863
744
646
715
806
750
755
748
906
597
713
710
395
386
758
793
695
372
411
721
784
712
365
407
709
747
720
385
431
736
739
748
351
450
725
737
726
364
416
750
726
739
406
394
715
761
680
385
408
729
810
672
418
394
717
716
768
716
760
795
745
750
772
708
729
741
787
747
748
781
763
756
751
733
760
735
752
737
792
734
761
768
737
707
767
727
769
748
743
759
742
728
792
738
733
742
755
774
788
751
736
725
770
718
778
726
792
747
749
737
746
751
704
406
422
733
725
743
430
471
623
724
739
401
379
754
752
695
389
377
786
725
780
351
402
765
711
782
366
387
774
760
709
740
791
701
705
408
407
782
767
667
395
424
708
741
744
755
730
767
781
727
724
767
750
742
782
778
739
711
773
736
747
714
778
739
718
782
800
699
749
735
735
780
771
744
767
721
768
726
726
739
736
770
784
746
742
734
754
817
751
722
751
745
781
751
766
724
763
737
762
737
763
726
766
759
766
723
732
697
439
506
597
743
751
715
0
814
720
742
458
544
514
693
798
435
481
603
749
719
466
692
594
551
663
533
495
714
577
730
751
731
755
791
751
732
750
707
746
764
732
751
797
