265
209
946
231
210
1363
1420
1352
1430
1463
1386
1321
1440
1485
1398
1417
1387
1364
1506
1397
1353
1486
1408
1398
1418
1419
1485
1364
1397
1353
1528
235
371
550
219
364
352
364
461
221
364
339
363
363
352
374
341
362
442
230
352
474
219
341
351
342
354
361
385
715
209
264
220
715
220
231
232
1341
418
388
350
472
230
419
363
363
330
352
340
375
385
374
365
372
363
342
323
424
224
447
220
440
232
340
341
364
406
351
344
349
335
326
373
354
351
384
760
1309
1376
1462
1331
1451
1387
1342
1495
1376
1430
1433
1428
1429
1352
1398
1463
1385
1376
1404
1213
353
330
363
340
364
343
349
343
351
343
364
327
396
659
408
363
341
462
220
363
322
359
341
376
341
319
361
319
363
374
353
341
407
329
376
384
377
360
342
440
241
352
341
340
352
385
818
239
329
331
352
341
363
340
352
365
472
264
441
231
375
349
341
364
333
349
341
318
452
259
428
317
327
374
376
340
352
352
464
268
319
344
420
286
339
345
615
1241
2816
1368
1376
1412
1359
1464
1357
1460
1368
1782
1464
1551
1453
