901
1034
968
936
978
1001
1122
980
956
1002
978
1068
990
1000
1057
253
232
449
947
1023
945
1012
1013
1045
1011
1023
1003
988
990
1034
990
1003
967
1055
968
1012
937
1044
967
1001
1034
968
540
530
503
531
459
486
505
483
540
516
507
484
495
538
254
209
507
537
507
484
472
496
527
473
521
504
505
483
473
517
484
495
529
510
479
495
518
508
482
495
494
517
485
506
494
485
508
494
516
484
516
517
485
494
511
468
507
507
493
495
528
484
496
516
484
992
981
1019
991
1011
1026
1034
262
221
427
1012
968
1045
991
956
1002
1034
1011
957
968
1001
1012
982
1042
1045
264
220
484
913
1015
1010
978
979
1024
1033
1034
979
979
1039
997
1011
980
1057
1010
924
451
968
663
416
594
945
957
979
1036
540
503
496
528
494
518
496
482
488
481
496
526
475
538
241
165
177
406
550
484
485
484
520
516
492
486
505
507
464
491
458
489
584
493
508
462
503
507
496
475
499
488
529
508
494
537
496
503
486
514
498
467
512
488
497
540
461
525
506
477
489
500
525
470
525
514
524
515
481
504
501
478
486
499
488
484
482
484
523
501
505
501
506
477
465
489
560
503
499
452
513
545
496
505
498
513
497
478
536
485
501
460
503
490
539
500
516
527
447
475
535
474
486
516
541
507
467
489
520
502
476
471
542
497
515
502
513
506
481
548
539
521
565
528
378
474
496
471
495
483
523
458
491
516
546
493
471
604
358
301
340
418
494
499
525
502
517
489
441
505
488
474
523
482
509
532
472
531
502
501
478
530
515
513
474
523
475
504
502
461
524
476
524
529
489
489
498
528
471
483
504
498
494
504
486
494
486
554
506
539
499
462
518
490
464
465
509
502
556
473
527
511
536
403
0
161
374
692
423
450
462
534
476
519
463
491
486
470
526
483
518
540
500
523
454
474
537
529
478
538
527
485
451
507
475
502
557
459
0
539
476
488
477
528
507
486
471
517
575
562
514
469
491
101
426
1539

