895
736
788
882
802
771
825
746
798
842
937
704
888
769
808
787
819
756
761
789
772
825
812
704
896
667
769
847
935
771
801
831
819
816
770
840
788
750
802
758
812
828
767
842
843
774
820
732
822
845
780
818
820
816
771
812
739
828
775
842
756
780
824
802
792
770
759
792
815
792
814
821
819
736
794
791
880
790
777
815
846
821
756
707
735
837
848
867
797
789
801
798
831
830
787
824
792
814
791
776
753
716
816
835
791
846
792
805
817
787
828
739
810
814
770
805
812
784
833
803
781
802
783
836
819
796
788
788
789
793
784
778
809
796
806
816
815
768
833
829
765
804
773
801
813
814
868
749
810
795
793
791
796
778
825
804
768
832
824
820
749
781
779
807
793
748
800
806
821
754
830
849
768
839
747
791
757
861
812
769
915
837
723
761
804
758
804
846
859
790
784
867
775
788
813
731
803
849
772
828
822
744
853
828
834
715
827
756
822
773
779
883
715
869
802
762
800
786
833
837
794
752
891
751
785
837
869
715
800
749
723
825
820
766
847
801
887
793
741
794
800
754
871
766
781
811
817
769
821
848
785
849
413
435
444
437
473
448
468
75
387
406
482
434
445
509
0
453
407
408
476
407
697
140
393
425
543
500
0
475
461
474
477
0
581
466
469
458
182
693
87
374
444
495
489
450
490
497
0
571
526
80
474
506
515
82
431
511
830
785
729
784
788
723
840
820
734
785
822
797
798
773
790
772
874
820
793
744
838
784
816
746
786
808
827
766
850
838
799
791
798
835
843
783
811
799
